f=-6.49502	 L=-174.146	 argmax_ovl=0.926901	 
argmax_configuration:
1 1 0 1 1 0 1 0 1 1 1 0 0 1 1 0 0 1 1 1 1 

marginals:
5.50427e-07 0.999999 
6.56753e-09 1 
0.877692 0.122308 
0.0143364 0.985664 
0.0153608 0.984639 
0.996324 0.00367554 
3.48349e-06 0.999997 
0.930302 0.0696977 
6.18902e-05 0.999938 
0.000230919 0.999769 
0.00886101 0.991139 
0.991116 0.00888448 
0.950253 0.0497474 
0.00386559 0.996134 
0.452747 0.547253 
0.98614 0.0138597 
0.964951 0.0350491 
2.91005e-07 1 
0.368196 0.631804 
0.368197 0.631803 
1.86126e-09 1 

argmax_marginals:
0.999999 1 0.877692 0.985664 0.984639 0.996324 0.999997 0.930302 0.999938 0.999769 0.991139 0.991116 0.950253 0.996134 0.547253 0.98614 0.964951 1 0.631804 0.631803 1 
