f=-7.27688	 L=-157.727	 argmax_ovl=0.546316	 
argmax_configuration:
1 1 0 1 1 1 1 1 0 1 1 1 1 1 1 1 1 1 1 1 1 

marginals:
0.433979 0.566021 
0.483267 0.516733 
0.528017 0.471983 
0.492481 0.507519 
0.490646 0.509354 
0.479999 0.520001 
0.430032 0.569968 
0.46675 0.53325 
0.527235 0.472765 
0.434775 0.565225 
0.445259 0.554741 
0.461391 0.538609 
0.487905 0.512095 
0.403005 0.596995 
0.435425 0.564575 
0.491141 0.508859 
0.440156 0.559844 
0.333206 0.666794 
0.460198 0.539802 
0.43886 0.56114 
0.474143 0.525857 

argmax_marginals:
0.566021 0.516733 0.528017 0.507519 0.509354 0.520001 0.569968 0.53325 0.527235 0.565225 0.554741 0.538609 0.512095 0.596995 0.564575 0.508859 0.559844 0.666794 0.539802 0.56114 0.525857 
