f=-0.17328	 L=-93.7858	 argmax_ovl=0.67197	 overlap=0.543778	 fraction=0.52381
argmax_configuration:
1 1 1 0 1 1 1 0 0 0 0 1 1 1 0 0 1 1 0 0 1 

marginals:
0.429502 0.570498 
0.146906 0.853094 
0.364632 0.635368 
0.598231 0.401769 
0.154888 0.845112 
0.358713 0.641287 
0.344262 0.655738 
0.575927 0.424073 
0.634079 0.365921 
0.559014 0.440986 
0.563224 0.436776 
0.252614 0.747386 
0.399337 0.600663 
0.275492 0.724508 
0.694847 0.305153 
0.797244 0.202756 
0.317224 0.682776 
0.429263 0.570737 
0.712739 0.287261 
0.612044 0.387956 
0.163136 0.836864 

argmax_marginals:
0.570498 0.853094 0.635368 0.598231 0.845112 0.641287 0.655738 0.575927 0.634079 0.559014 0.563224 0.747386 0.600663 0.724508 0.694847 0.797244 0.682776 0.570737 0.712739 0.612044 0.836864 
